{
    "C3F79156-DAC7-44CD-9838-FE60854D7772/ExpandedNodes/1D6B57D2-46D2-4B48-84B1-86818919A2BC": "2P_SB 6",
    "C3F79156-DAC7-44CD-9838-FE60854D7772/ExpandedNodes/71771526-9D25-4448-866D-51253CE1EC17": "BG_110m 2",
    "Camera/Position/X": 0.033814653754234314,
    "Camera/Position/Y": 3.1770195960998535,
    "Camera/Position/Z": 3.5588014125823975,
    "Camera/Rotation/W": 0.9137915372848511,
    "Camera/Rotation/X": -0.4061405658721924,
    "Camera/Rotation/Y": 0.0054040937684476376,
    "Camera/Rotation/Z": 0.002401884412392974,
    "Camera/Type": 0,
    "Editor/RecentTextureDirPath": "file:///Users/nikolay/Yandex.Disk.localized/MANU/Projects",
    "Editor/ValueDraggerStepSize": 10,
    "SnapTypePosiotion/SnapPreset1": 1,
    "SnapTypePosiotion/SnapPreset2": 10,
    "SnapTypePosiotion/SnapPresetSelected": 0,
    "SnapTypeRotation/SnapPreset1": 45,
    "SnapTypeRotation/SnapPreset2": 90,
    "SnapTypeRotation/SnapPresetSelected": 0,
    "export/projectName": "ShaderBalls_expo-git"
}
