{
    "C3F79156-DAC7-44CD-9838-FE60854D7772/ExpandedNodes/1D6B57D2-46D2-4B48-84B1-86818919A2BC": "2P_SB 6",
    "C3F79156-DAC7-44CD-9838-FE60854D7772/ExpandedNodes/71771526-9D25-4448-866D-51253CE1EC17": "BG_110m 2",
    "Camera/Position/X": 0.2053363174200058,
    "Camera/Position/Y": 4.431618690490723,
    "Camera/Position/Z": 3.5538129806518555,
    "Camera/Rotation/W": 0.9013572335243225,
    "Camera/Rotation/X": -0.4321141839027405,
    "Camera/Rotation/Y": 0.02601812593638897,
    "Camera/Rotation/Z": 0.012473192997276783,
    "Camera/Type": 0,
    "Editor/RecentTextureDirPath": "file:///Users/nikolay/Yandex.Disk.localized/MANU/Projects",
    "Editor/ValueDraggerStepSize": 10,
    "SnapTypePosiotion/SnapPreset1": 1,
    "SnapTypePosiotion/SnapPreset2": 10,
    "SnapTypePosiotion/SnapPresetSelected": 0,
    "SnapTypeRotation/SnapPreset1": 45,
    "SnapTypeRotation/SnapPreset2": 90,
    "SnapTypeRotation/SnapPresetSelected": 0,
    "export/projectName": "ShaderBalls_expo-git"
}
